           1           1           9           9          10 T
           9
  -1.30445837047987     
  2.083773461538331E-008
 -7.225220943978509E-010
 -1.003927242905273E-009
 -0.282096304465273     
 -2.411898390721254E-009
 -3.608621793691328E-009
  2.524536051821145E-010
  4.637846711389655E-002
 -1.376943691375575E-008
  -1.32147274797322     
  1.122208322025468E-008
  3.607970745844331E-008
 -3.738721534179568E-009
  1.625744498551065E-010
  2.583687428344206E-010
 -3.709206539471203E-002
  5.361858454217900E-009
  4.221074785605344E-010
 -1.176092171102968E-008
  -1.34289923584722     
 -6.228535374616972E-002
  5.691817117316920E-010
  2.469974680732122E-010
  3.454052299118226E-010
 -1.199993721327026E-010
 -2.605740127100148E-010
 -5.495366698163613E-010
  3.242232719619901E-008
 -6.228535374237292E-002
   1.34289923576545     
 -5.492537676186527E-010
 -4.812063503907271E-010
 -6.042603851326324E-010
  9.859118884777090E-010
  1.058527937510938E-010
  0.123305647755743     
  4.246064687171220E-010
 -3.192575362616359E-010
 -3.183543844070452E-010
  -1.34318827473065     
  1.043646978245003E-008
  1.566582547085119E-008
 -1.713987879620248E-009
 -9.538104211224555E-002
 -7.275933313106631E-010
  2.584986123260314E-011
  6.257797195555610E-011
  1.503090339888767E-010
  3.688322144227237E-009
   1.34483444940513     
 -0.445016227451803     
  8.695830154676240E-010
  1.280812406176957E-009
  2.641274764535802E-009
 -6.429502197561063E-011
 -2.048670854835602E-010
 -4.096572753137935E-010
 -1.343077174662738E-008
 -0.445016227422064     
  -1.34483444931528     
 -6.715855458254464E-009
 -4.534084442461260E-009
  1.451167238082248E-011
 -1.782702015281975E-002
  1.123244086670547E-010
 -3.476046265322437E-011
 -1.295377112062821E-009
 -2.800466514831349E-009
 -5.823261395780649E-009
   1.40953087449230     
  5.764785951996677E-010
  1.194645399981100E-002
  1.334753220425067E-009
 -8.041749837694752E-011
 -3.777745220337346E-011
 -3.727475499736684E-002
 -1.101144657417908E-009
 -1.620040654903472E-009
 -3.355124467520605E-010
   1.40479510239934     
