  -1.50290370545056     
  1.608654259099568E-008
 -5.006533908532658E-010
 -6.956459632550607E-010
 -0.138614037029973     
 -8.746652616372184E-010
 -1.308652195909826E-009
  8.781630193009083E-011
  9.102797761738880E-003
 -2.352687947920807E-008
  -1.51292583013161     
  1.153205567886938E-008
  3.707628852164339E-008
 -2.724458209364296E-009
  8.743440912536087E-011
  1.389536817521019E-010
 -1.913470627111505E-002
  1.560705872451470E-009
  7.766902092623420E-010
 -1.450031450855813E-008
  -1.48611805001879     
 -6.892802228425139E-002
  4.466677586402196E-010
  1.430537426670317E-010
  2.000486533773132E-010
 -6.666477131189431E-011
 -8.167957271605849E-011
 -1.011163679412991E-009
  3.997424292525035E-008
 -6.892802228845415E-002
   1.48611805010928     
 -4.310292201595954E-010
 -2.787007088126125E-010
 -3.499700232698538E-010
  5.477161206674476E-010
  3.318063407599230E-011
  0.313671775436893     
  7.237529692964713E-010
 -4.884484428213203E-010
 -4.870666645798936E-010
  -1.45726404328490     
  8.356569556497910E-009
  1.254375885103074E-008
 -1.316415101246229E-009
 -4.133444480055292E-002
 -2.303943454859158E-009
  5.484696510828551E-011
  1.191762426270257E-010
  2.862551364945664E-010
  4.981049255287114E-009
   1.34039830804548     
 -0.443548273613176     
  8.313555316049623E-010
  6.909175178260830E-010
  8.363666137632412E-009
 -1.364180177089835E-010
 -3.901578898479374E-010
 -7.801693362309235E-010
 -1.813814872980035E-008
 -0.443548273642817     
  -1.34039830813503     
 -6.420621707316720E-009
 -2.445852611912492E-009
  4.836726071313135E-011
 -3.981292275616424E-002
  2.251610504118137E-010
 -6.967944346806640E-011
 -1.841361803225587E-009
 -2.937963189747961E-009
 -6.109170573715617E-009
   1.41840827356394     
  3.273216905040817E-010
  7.091476239546460E-002
  5.308965382318780E-009
 -2.871000673336792E-010
 -1.348700132456698E-010
 -9.436725419734153E-002
 -2.057424713542215E-009
 -3.026951688761158E-009
 -6.013106683703800E-010
   1.42058817002186     
